innovate
species
highlight
enhance
diminish
irrelevant
pragmatic
skeptical
superfluous
anomalous
cultural
explicit
undermine
predictable
biological
contradict
creation
intrigue
ironically
random
realistic
suppress
acknowledge
paradox
constitute
cynicism
disdain
diversity
inherent
repudiate
selective
adolescent
belie
cautious
controversial
crucial
deliberate
economics
idiosyncratic
insight
intimidate
intuition
minimal
nurture
opposition
historian
plausible
profound
sporadic
whereas
ambivalent
discredit
disinterested
disparage
distinctive
distort
assumption
dominate
enlighten
essence
geologic
hypothesis
inconsistent
indifference
insignificant
intensify
intrinsic
decline
involvement
medieval
obsolete
primeval
problematic
provoke
reconcile
redundant
senator
systematic
genetic
trait
aggression
alleviate
assert
authoritative
bias
censure
characterize
conspicuous
constrain
obscure
corporate
demonstration
detachment
distrust
eclectic
ecology
endorsement
equally
favor
fossil
idealism
illusion
imminent
impractical
interdependent
intricate
irresponsible
literal
manipulate
negotiation
nonetheless
objectivity
perplex
pertinent
philosophical
portray
prediction
profitable
prose
replicate
seemingly
sincerity
subjective
substantiate
subtle
supporter
synthesize
uncertainty
unconvinced
uniqueness
accessible
adventurous
advocate
aesthetic
ambitious
antagonize
antipathy
astronomy
autonomy
category
complexity
compliment
comprehend
conception
condescension
confront
confrontation
conscientious
consensus
constantly
consumer
contradictory
contribution
corrupt
deliberation
dependence
derivative
deter
detrimental
deviation
devoid
discrete
dispel
disrupt
diversify
elegant
emulate
engender
enigmatic
entrepreneur
faction
flaw
formulation
frustrate
futile
illuminate
imitative
impartial
incorporate
indistinguishable
individualism
initially
integrate
judicious
labor
mandate
marginal
meager
mechanism
microorganism
modesty
naive
necessitate
neutralize
novelist
obligation
oblivion
obviate
orthodox
parasite
pervasive
practitioner
precedent
preclude
prerequisite
radical
regime
rigidity
specious
supersede
symbolic
tension
thoroughly
traveler
underlie
unnoticed
unpredictable
violate
vulnerable
aggrandize
alienate
apparently
apprehension
archaeology
augment
autobiographical
awareness
axiomatic
boredom
bureaucratic
candid
caprice
circumvent
coherent
colored
colorful
commonplace
compensate
competitive
condone
congenial
contentious
context
continental
continuation
continuity
conviction
cooperation
credibility
dealer
decry
defense
defer
designer
differentiate
diffidence
dilemma
disingenuous
dubious
effectively
elegance
embellish
enigma
entirely
ephemeral
equivocal
eschew
exacerbate
facetious
familiarity
fascination
favorable
feign
figurative
flout
fluctuate
foster
frivolous
genre
haphazard
hinder
hostility
ignorance
illusory
immune
inaccurate
inadequate
inconclusive
incongruity
inconsequential
indecisive
indeterminate
indulgent
inexact
ingenious
inimical
initiate
instinctive
integrity
irony
judgment
justification
laud
literacy
lyric
mediocre
methodology
monotonous
mundane
needlessly
notion
novelty
passionate
peripheral
photographer
politically
populate
precipitate
precursor
preempt
preoccupation
presumptuous
reassess
reassure
reciprocity
rejection
relentless
resentment
reviewer
ridicule
safeguard
salutary
schematic
sheer
similarity
speculation
spoilage
theater
theme
timeless
timely
trivial
uniformity
unrealistic
verifiable
wholehearted
abate
accomplishment
adamant
adaptation
adjustment
admiration
adulation
adulthood
adversity
advertiser
affirm
agreeable
allusive
altruism
ambiguous
ameliorate
anachronistic
analytic
analyze
antibiotic
anticipation
antiquated
antithetical
apathetic
arcane
architect
articulate
artless
aspiration
astonishment
astrology
attorney
augur
availability
avert
awe
banal
beneficent
berate
bolster
broaden
candor
capricious
caution
cherish
circumscribe
circumspect
clandestine
clarity
client
coercion
cognizance
commentator
comparable
compatible
complacency
compliance
complication
composer
conceptually
conciliatory
confidentiality
configuration
conformity
conjecture
conserve
consistency
contrive
copyright
corroborate
cosmos
counterbalance
counterpart
criterion
curriculum
curtail
cyclical
dampen
dazzle
debacle
decimated
decipher
deference
defiance
deficient
defy
denigrate
denounce
discern
discernible
disciple
discontinuity
discretion
discriminate
disinterest
disparate
dispassionate
disposition
disprove
dissent
divergence
divergent
divert
divisive
drab
duplicate
efficacious
effortless
elucidate
enthusiastically
entice
envision
epitomize
eradication
erratic
esoteric
evade
evaluation
evasive
exceptional
excitement
exemplify
experimentation
exploration
expressly
extravagance
facilitate
falter
feminist
flawless
flexibility
follower
folly
foresee
foreshadow
forestall
frugal
global
harmless
harmonious
hesitant
hitherto
honor
hormone
humanity
hyperbole
idealize
imbue
impair
impede
imperative
implicit
improvise
impulse
inadvertent
inappropriate
incentive
incomprehensible
incontrovertible
indicator
indirection
ineffective
inept
ineptitude
ingenuous
innate
innocence
innocuous
inopportune
insistence
intact
intellect
intention
interim
interplay
intervene
intolerant
intractable
intransigent
intricacy
inventive
irrefutable
jargon
jeopardy
justifiable
landscape
largesse
legislature
lengthy
linger
magnify
mandatory
mastery
maturity
mechanize
metaphor
methodical
meticulous
milestone
mimic
misapprehension
mistrust
moderation
narrative
nonexistent
nostalgic
notable
novice
oblique
obsequious
obstinacy
offset
optimism
originate
outdated
overwhelm
painstaking
paradigm
parody
participation
partisan
passively
perceptive
perennial
perfection
permanence
perpetuate
persistent
persuasive
pessimism
pointless
polarity
popularity
predecessor
predetermined
preeminent
premature
presume
prey
profundity
prohibitive
promotion
propensity
proponent
propriety
provincial
publicize
puritan
quantitative
rationale
rationality
rationalization
reconstruct
redundancy
reformer
regain
relegate
relinquish
remarkably
renaissance
repress
repressive
reverence
revive
righteousness
rigorous
salient
salvage
sanction
scathing
scholarly
scrutinize
sensitivity
shortsighted
shrug
simplistic
simultaneous
specifically
straightforward
strive
subordinate
subside
subsidize
subtlety
supremacy
symbolize
symmetry
sympathetically
talented
temporal
tentative
therapeutic
traditionally
transition
transitory
trenchant
turmoil
typically
unalterable
unanticipated
unappreciated
uncommon
uncorrected
undeniable
underestimate
unfeigned
unimpeachable
uninformative
uninspired
universality
unreasonable
unsuccessful
unwittingly
uphold
validity
vapid
veneration
verbal
violation
virus
warranted
willingness
zoology
aberrant
aberration
abridged
absolve
abstruse
abundance
accede
accentuate
acclaim
accountability
accumulation
acquiescent
acrimony
adaptable
adherence
admirable
adoration
adore
affectation
agricultural
alternate
amateur
amid
amorphous
analogous
anarchy
anatomical
anomaly
antidote
apathy
aphorism
appall
appreciation
apprehensive
approbation
approximation
aptitude
Arctic
aria
arrogant
artfulness
ascendancy
ascent
assail
assault
assertive
assessment
assimilate
astute
athletic
attendant
attest
audible
austere
authoritarian
aversion
bacterial
bankrupt
beholder
benefactor
benevolent
bereave
beset
bespeak
bibliographer
bibliography
blatant
blindness
blunt
breakthrough
brilliantly
buttress
bygone
bystander
calculable
calculus
catastrophe
categorical
cellular
censorious
censorship
chaos
characterization
charitable
chivalrous
chuckle
circumlocution
cleanliness
clergy
cleverly
cleverness
clinical
codification
coincide
coincidence
coincidental
colonial
combative
commend
commensurate
commentary
commitment
compatibility
compendium
compensation
complementary
completeness
composure
comradeship
concede
conceivable
conceive
conclusive
conditional
conducive
confer
confound
congruent
conjure
consciously
conservatism
consistently
consolidation
consumerism
contiguous
contravene
conventionalize
convoluted
cooperative
coordinate
correlate
correlation
cosmic
countenance
counterproductive
creatively
culmination
cumbersome
currency
customary
dabble
debase
debatable
debilitate
deceptive
decorum
dedicate
definitive
degenerate
deity
delegate
democratically
demographic
demonstratively
demur
denial
denotative
densely
depict
deplore
deploy
deprave
deprive
destructive
devastate
devotion
diagnose
didactic
dimensional
disappointment
disapprove
discernment
discontent
discontinuous
discourse
discreet
disengage
disillusion
dismay
dismissal
disorientation
disparity
disperse
dispirit
disquiet
dissatisfaction
dissolution
distortion
distract
disturbingly
diversion
doctrinaire
documentation
dogmatism
domestication
dominance
dormancy
dormant
downplay
dramatize
duckling
duplicity
dysfunctional
eccentric
eccentricity
ecosystem
edify
efficacy
efficiently
eloquence
eloquent
elude
elusive
embarrassment
embody
emergence
emotionally
empirical
environmentalist
epitome
equate
equilibrium
equivocation
eradicate
erode
escalate
espouse
essentially
esteem
ethical
euphemism
inoffensive
euphemistic
evanescent
evenhanded
evince
evoke
evolutionary
exaggeration
exalt
exclusive
exigency
exonerate
exorcise
expediency
extrapolate
extravagant
fabricate
factual
fairness
familial
fanatical
fanciful
fastidious
favorite
feckless
fervent
fickle
fictional
fictionalize
firefly
fleeting
forbear
formidable
forthright
fortuitous
fragmentary
frankness
fraud
frond
fulsome
fusion
gambler
garrulous
generosity
geographical
glorify
governmental
grandiose
guffaw
halfhearted
hallmark
hamper
harangue
harbinger
hardheaded
havoc
herbicide
hereditary
heretical
hierarchy
hoard
homeopathic
hybridization
idealistic
idolize
illegitimate
immodestly
impatience
impediment
impending
impenetrable
imperceptibly
imperturbable
implement
implementation
imprecision
impropriety
impugn
inaccuracy
inactive
incessant
incidence
incidental
incinerator
incisiveness
inclination
incompatibility
incompetent
inconsiderable
incredible
incur
indentured
inelegant
inexhaustible
inexplicable
infirm
inflexible
infusion
ingrain
injustice
inquisitive
insatiable
insecticide
insecurity
instigate
institutional
insular
intangible
intellectually
intemperance
interchangeable
intertwine
intervention
intrinsically
introspective
intuit
inure
invalidate
investor
irrational
irreconcilable
irregularly
knowingly
knowledgeable
lackluster
latent
lavish
legislator
legitimize
lethal
lethargic
lighthearted
linguistics
loath
lucid
lucidity
ludicrous
luxuriant
machinelike
manageable
manifestation
mar
mathematician
meaningful
measles
mediocrity
meditate
melodious
melodrama
memoir
metabolic
mighty
miniature
miserliness
misfortune
misguide
misnomer
mitigate
mobility
modicum
mollify
momentous
multifaceted
myth
narrowly
negate
negligent
negotiate
Neolithic
neutrality
nobly
nonplus
norm
nuanced
obligatory
observable
obsess
obsolescent
obstinate
onstage
openness
opportunely
oppressive
ordeal
ornamental
oscillate
ossify
outgrowth
overpower
override
paleontologist
panacea
partiality
pasteurization
peer
penalty
penchant
perfunctory
perpetrate
personality
phenomenal
philanthropy
phylogeny
physiological
pictorial
pinpoint
placate
plainly
plaintive
platitude
playful
playwright
plenitude
portentous
possessor
potentially
practicable
precariously
predictability
prehistory
prerogative
preservation
prevalent
prioritization
privacy
prodigy
producer
productivity
proficient
proliferate
promoter
prone
prophetic
propitiatory
proprietary
proscribe
prototype
protracted
provincialism
provisional
proximity
prudence
psychoanalytic
publicity
publicly
publisher
quaint
quantifiable
questionable
quiescent
quietly
quirk
quixotic
ramification
rancorous
rapidity
realist
reappearance
rebuke
recapitulate
recede
receptive
reckless
recount
rectitude
redeem
reenact
refinement
refractory
refrain
regression
reiterate
rejuvenate
relevance
reluctance
remorse
renowned
repetitive
replacement
replenish
reproduction
reptilian
repudiation
reservoir
respectability
respectable
restitution
restiveness
resurrect
reticent
retract
retrospect
revelation
revert
revile
revitalize
rhetoric
rhyme
rigor
rivalry
rudimentary
saccharin
sacrilegious
sarcastic
savor
schism
scientifically
secrecy
sedentary
sensation
sensational
sequential
serenity
seriousness
servitude
shameless
shorten
shrewd
simulate
simulation
skeleton
sociological
sociologist
sociology
soften
somatic
sparsely
spectacular
sporadically
spurious
spurn
standardize
stereotype
stimulation
strangely
stratagem
strategic
streamline
stressful
stylized
subsidiary
substantively
subvert
successively
superficially
suppression
surpass
surrealism
surrogate
susceptibility
susceptible
suspicious
symbolism
symptom
symptomatic
tacit
taxonomic
technologically
temperance
tempo
tendentious
theorist
timekeeping
tolerant
toll
tout
traditionalist
trample
tranquil
transcendent
transcribe
treacherous
trepidation
truculent
tyranny
ubiquitous
unanimous
unavoidable
unawareness
unchanging
uncomplicated
undefined
undercut
underplay
understandable
understate
unenlightened
unfettered
unguided
unhappiness
unify
unimpressed
uniquely
unpopular
unpromising
unquestionable
unrecognized
unreliable
unremarkable
unscrupulous
unskilled
untreated
unwarranted
utopian
validate
venerable
vengeance
versatile
vertebrate
vexation
viable
vicious
vindictive
virtual
virtuosity
visionary
vitalism
vitiate
vitriolic
vogue
volcanic
wary
wasteland
welter
whimsy
willful
withdrawal
abandonment
abbreviate
abet
abeyance
abject
abjure
abolish
abreast
abruptly
abstain
abstinence
abstraction
abstractness
absurd
absurdity
abysmal
academe
academician
accidentally
accolade
accusation
acerbic
acknowledgement
acolyte
acquisition
acquittal
acrimonious
actively
activist
actuality
acumen
adaptability
adaptive
adduce
adept
adhere
adherent
adjunct
administer
administrator
admirer
admonish
adumbrate
advancement
advantageous
adversary
advocacy
aesthetically
affability
affiliation
affinity
affluent
affordable
aggravate
agility
aging
agitate
agitation
agronomist
aide
aimless
albeit
alert
allay
allegation
alleged
allegiance
allowance
alloy
allude
allure
allusion
ally
aluminum
amalgam
ambiguity
amelioration
amenable
amend
anathema
ancestry
ancillary
annexation
annihilate
annihilation
annotate
announcement
annoyance
antagonism
antarctic
antedate
anthropologist
antigen
antithesis
aphoristic
apparition
appease
applaud
applicability
appraise
apprise
appropriation
apropos
aptly
arable
arbiter
arbitrarily
arbitrator
archaic
archetypally
ardor
arid
aristocracy
array
ascertain
ascetic
asceticism
aspartame
assessor
assiduous
assorted
assurance
assuredness
atonement
atrocity
atrophy
attendance
attenuation
attuned
atypical
auspices
auspicious
authentic
authenticate
authenticity
autocratic
automatically
automotive
autonomously
avarice
avenge
avid
axiom
backwater
baffle
balk
ballad
ballet
balm
bane
barely
barren
bashfulness
bask
battalion
bauxite
befuddlement
beget
beguile
behavioral
belch
beleaguer
believable
belletristic
belligerent
beneficiary
benign
bequeath
bequest
bestow
bewail
bewilder
biographer
biography
bizarre
blackmail
blight
blithely
blizzard
blueprint
bluff
blundering
blur
bogus
boisterous
boldness
bombast
bonus
boom
boost
borrowing
bravely
brazen
breach
breakdown
breeder
brilliance
broach
broadly
brocade
brushwork
brutal
brutality
bucolic
budget
bullfight
burgeon
byproduct
cacophony
calamity
callous
can
canary
cancel
cannibalism
canvass
canyon
cape
capitulate
capsule
captious
carcinogen
caricature
cartoonist
caste
castigate
casting
casualty
catalyst
cater
caterpillar
causality
caustic
cereal
ceremonious
certitude
championship
chantey
chaotic
chapel
charismatic
charter
chastisement
chatter
chef
chiefly
chloroplast
chorale
chronic
chronology
chunk
circumstantial
circumstantiality
civic
civility
clam
clamor
clannish
clarification
classic
cleave
cliché
climatic
climax
cling
clip
closeness
coalesce
coarseness
coastline
codify
coerce
coercive
coexistence
cogent
cognizant
coherence
cohesive
collaboration
collaborative
collector
collusion
colonization
coloration
combat
combatant
comic
commiseration
commodity
communicable
comparatively
compassion
compatriot
competence
complacence
complacent
complaisance
complement
completion
comply
comprehensively
concordant
condemnation
condescend
conflate
conform
conformism
congeniality
congruity
connive
connoisseur
consequent
conservator
consign
conspiracy
consternation
constitutional
constructor
consummate
contagious
containment
contemplate
contend
contention
contestant
contingency
contingent
contrition
convention
conventionality
conventionally
convergent
correspondence
correspondingly
costume
coterminous
counterpoint
counterposition
countless
coup
courteous
covert
covet
cowardice
coworker
craven
creativity
creator
credible
credulity
credulous
criminality
critique
crochet
crossfire
crumble
cryogenic
cryptic
cubism
cuckoo
culminate
culpability
culpable
cult
cultivation
curiously
cursorily
curt
custodian
darken
daunt
dearth
debunk
decadence
decelerate
decisively
decisiveness
deduction
deferential
defuse
dehumanize
deign
deleterious
delicacy
delicately
delightfully
delimit
delineate
delude
demise
demonstrable
demystify
denigration
dependable
deplete
deprecation
derelict
descriptive
descry
desertification
designate
despicable
detach
detain
deteriorate
determinant
deterrent
detractor
developmental
deviate
devious
devotee
devotional
diabetes
dialogue
dichotomous
dichotomy
diffident
diffuse
diffusion
digestible
digression
diligence
dilute
dioxide
diplomat
diplomatic
disabuse
disagreeable
disappointingly
disarray
disavowal
disciplinary
disclosure
discomfit
disconcert
disconnected
discourteous
discoverer
discrimination
discursive
disenfranchise
disgrace
disinclined
disjunction
dislodge
dismal
disorderly
displace
disputable
disrepute
disrespectful
dissatisfied
dissect
disseminate
dissertation
dissident
dissimilar
dissipate
dissipation
dissonance
distinguishable
divest
dividend
divine
divulge
documentary
dogmatic
dogmatically
domesticity
dominant
dote
downfall
draftsmanship
dreamer
dual
duplication
dwindle
dynamically
eagerly
eagerness
earnings
earthiness
earthly
ecclesiastical
editorialize
educational
effusion
egalitarianism
elaboration
elated
electronically
elevate
elicit
elite
embed
emblematic
embroider
embroidery
emend
empathy
empiricism
enamor
encapsulation
enchanting
enclosure
encouragement
encumber
endanger
endear
endlessly
endow
energetic
enervate
enflame
engagement
enjoin
enjoyable
enmesh
enmity
enormously
enrich
entangle
enthrall
enthusiast
entity
entrenched
episode
equable
equanimity
equipoise
equivalence
errant
erratically
erroneous
erstwhile
erudition
erupt
eruption
escapism
estimable
estranged
etch
eternal
ethologist
ethos
etiquette
evaluative
evocative
exasperation
excel
excellence
exchangeable
excoriation
exemplar
exhalation
exhaustiveness
exhibitionist
exhilaration
existential
exodus
exorbitant
expedition
expendable
expertise
expire
explanatory
explicate
exploitation
exponentially
expressive
exquisite
extant
extensively
exterminate
extinct
extinguish
extol
extracurricular
extraordinarily
exuberant
eyewitness
facade
facet
fake
fallacious
fallibility
falsification
fantasy
fascinating
fathom
fatuous
fearsome
feat
fecundity
federally
feminism
fern
ferocity
ferret
festive
feud
figment
filmmaker
finicky
finite
firmly
fiscal
fixate
flaccid
flamboyant
flaunt
flavor
flounder
foil
folktale
fondness
foolhardy
forage
forbearance
forceful
forcefulness
forebode
foreignness
foreknowledge
foresight
forested
forfeit
formally
formerly
formulate
forsake
fortify
fragile
frail
frantic
fraudulent
functionalism
fuse
futility
gainsay
galaxy
gallantry
gamble
gardenia
gasification
gem
gemstone
generality
generic
geometric
germinate
gloat
gloss
goddess
goodwill
gouge
gourmet
gracefully
gradation
grammatically
grandeur
grandiloquence
grandiosity
gravitational
Greek
gregarious
grin
groundless
grudging
guideline
guile
gullibility
gullible
habitat
habitually
habituate
hallowed
happening
hardworking
harmonize
hatred
haughty
hazardous
headway
hearten
heartless
hedonistic
heed
hemisphere
heredity
heretofore
hesitation
heterodox
hiatus
hibernator
hierarchical
hieroglyph
hiss
histocompatibility
histrionic
hobbyist
homogeneity
homogeneous
horrify
hospitable
humanism
humanistic
humdrum
humiliate
humility
hunch
hydroelectric
hypertension
hypothetical
identifiable
idiocy
idiomatic
idiosyncrasy
idolatry
ignoble
illustrative
imaginable
immediacy
immerse
immutability
immutable
impairment
impassivity
impeccable
impel
imperfection
imperial
imperious
impermissible
impersonal
impervious
impetuosity
impiety
implicate
impolitic
impossibly
imposter
imprecise
impressionable
impressionist
improbable
impromptu
improper
imprudent
impudent
impunity
inability
inactivity
inadvisable
inaugural
incipient
incised
inclusion
incompatible
incongruous
inconvenient
incredulous
incubate
incumbent
incuriosity
indebted
indecorous
independently
indignation
indirectness
indiscriminate
individuality
individualize
individually
indolence
indomitable
industrialist
industrious
inefficiency
inequality
inertia
inescapably
inestimable
inevitability
inevitably
inexcusable
inexperienced
infection
inferable
infertile
inflame
inflate
inflexibility
inflict
informality
infuriate
ingenuity
ingrate
inhalation
inhibition
inimitable
iniquitous
initiative
inland
innuendo
insider
insincere
insipid
insolent
inspiration
instability
instructional
insubordinate
intelligibility
intensively
intent
intentionally
interdisciplinary
interminable
intermittent
interpose
interpretable
interpretive
interrelate
intimacy
intimation
intrepid
introverted
intrusive
invaluable
invariable
invert
investigative
inveterately
invigoration
inviolate
invoke
invulnerable
ionized
irradiation
irremediably
irreparable
irresolute
irrigate
irritate
irritation
jaded
jealousy
jeer
jockey
jointly
juicy
juxtaposition
kin
kindle
kindliness
kinship
label
labyrinthine
laconic
laity
landfast
landlocked
latitude
laughable
laureate
lawsuit
lax
legislation
lesser
lexicographer
liability
liberally
likelihood
limousine
literally
livestock
loathe
locus
lopsided
loquacity
lukewarm
luminous
lurid
machinery
madden
magnanimity
magnanimous
magnitude
majestic
malevolent
malicious
malpractice
maniacal
manifest
mannerism
mapmaking
martinet
massive
maturational
maverick
maximize
meaningless
mediate
melancholy
mellifluous
menial
mercurial
meretricious
merge
metamorphose
metaphysics
metropolitan
mettlesome
middleclass
mildness
milieu
mindless
minuet
minutely
mired
misanthropy
misconception
misconduct
misdeed
misinform
misjudgment
mismanagement
misuse
mitochondrion
mockery
modernist
modernize
modification
modulate
molecular
monarch
monastery
monetary
monomania
morale
moralistic
morality
morally
moratorium
moribund
mortgage
motiveless
mountainous
muddle
muscular
musculature
museumgoer
musicologist
mutability
mutation
mutually
mysticism
mystification
nebulous
needlework
negligible
neutrally
newborn
nicely
nightmare
nomenclature
nonconformity
nonpayment
nonprofessional
nonviable
nonviolent
notch
notoriety
notoriously
nullify
numb
nutrient
nutrition
obdurate
obedience
obfuscate
observational
obsessively
obtuse
occupational
oceanic
octogenarian
offspring
offstage
omission
onerous
onset
opacity
opaque
operative
opium
opportunistic
optimistically
opulent
oration
orderliness
ordinarily
orientation
originality
originally
ostensibly
ostentation
outlandish
outlaw
outmoded
outnumber
outspoken
outstrip
ovation
overbearing
overcrowd
overemphasize
overestimate
overhaul
overjoyed
overlap
overly
overrate
overrule
oversee
overshadow
overt
overturn
overwhelmingly
overwrought
oxygen
pageant
palatial
paleolithic
parable
parabola
parity
parsimony
particularity
pasture
patent
patronage
paucity
pearlike
pedantry
peevish
pejorative
perceptible
perception
perceptual
performer
perfumed
perimeter
perish
permeate
permissive
perquisite
persevere
personification
perspicuous
persuasion
pertain
pervade
petulant
phlegmatic
phobia
photolithography
physically
physiology
piety
piousness
pitfall
pitiful
placid
placidity
platitudinous
plea
plead
plethora
plunder
poignant
poise
poised
polarize
politeness
politicize
poll
pollen
ponder
ponderous
posit
poster
postmodern
potshot
pottery
pragmatist
prankster
precariousness
precisely
preconception
predator
predisposition
predominant
predominate
preeminence
preemptive
prehistoric
premeditated
prenatal
preoccupy
presage
presidential
prestigious
pretense
pretentious
prevalence
preventable
prevention
preventive
prig
primacy
primate
pristine
probe
probity
problematical
proclamation
proclivity
procurement
prodigality
prodigious
profanity
profligacy
profusion
prolific
prolifically
prolong
prompting
promptness
promulgation
pronouncement
propaganda
propound
prosaic
prosper
protestation
provocative
prudery
pseudoscience
psychiatrist
psychiatry
psychologically
psychologist
psychology
psychotherapist
psychotic
Puritanism
purposely
purposiveness
purview
pyramid
quack
qualification
qualm
quarantine
quash
quest
quibble
quiescence
quotidian
raciness
radicalism
radiocarbon
ramshackle
rancor
rank-and-file
ration
rationally
ravage
reactionary
reactive
readable
reaffirm
reaffirmation
realization
reappear
reasonably
reassessment
rebuttal
recalibration
recant
recantation
recapitulation
recast
recess
recipient
reciprocally
reciprocation
recital
recitalist
reclaim
recognizable
recombinant
reconnaissance
reconstruction
recording
recourse
recur
recurrent
redemptive
redirect
rediscover
redistribution
redress
reevaluate
reexamination
referent
reflective
refutation
regality
regenerative
regimental
regimentation
regional
regrettable
rehabilitative
reinforcement
reinstate
rekindle
relegation
remelt
reminder
remission
remuneration
renewal
renounce
reparation
repeal
repeatable
repel
replete
reprehensible
reprint
reproof
repugnance
repugnant
reputed
resemblance
resent
reservation
reside
residency
resilience
resilient
resourceful
respecter
respiration
respiratory
resplendent
responsive
restatement
restive
restlessness
restoration
resurge
resurgence
resuscitate
retail
retaliate
retaliatory
retard
retrieve
retrospective
reverberate
revere
revisionist
revoke
ribaldry
richness
ridged
rift
risky
ritual
riveting
rocky
romance
romanticism
rudeness
rueful
ruff
ruse
ruthless
sabotage
salvation
sanctuary
sanguine
sarcasm
sartorial
satirize
satisfaction
saturated
savage
savagery
scarcity
sceptic
scintillating
scoff
scourge
script
scruple
scrupulous
scrutiny
seafloor
sectarianism
secular
seduce
seductive
seedling
seeker
segregate
selfishly
selflessness
semantic
senescent
senseless
sensibly
sensitize
sentimental
sentimentality
sequencing
serene
setback
shackle
shipment
shoddy
shunt
sibling
silicon
simplemindedness
singularity
siren
sketchy
skillfully
skillfulness
skyscraper
slipperiness
sluggish
slyly
smug
snobbery
snub
soar
sobriety
sociability
software
solicit
solicitous
soliloquy
solitary
solvable
sonata
sophistication
sordid
sovereignty
sparse
specialization
specificity
spectator
speculate
speculative
speedy
spiral
spokesperson
spontaneously
sportsmanship
sprawl
squander
stabilize
stalwart
stance
stark
stasis
statically
statute
stellar
stereochemistry
stilted
stimulus
stint
stipulation
strata
streak
striving
structurally
stultify
stun
stymie
subdue
subjection
subjectivity
subjunctive
submission
subordination
subservient
subsume
subtly
succumb
suffrage
sully
sumptuous
superbly
superficiality
supernatural
supernova
superstructure
supervision
supplant
supplementary
supplier
supposition
surge
surly
surmise
surmount
survival
suspension
sweeten
synoptic
syntactic
syntactical
synthetically
tact
tangential
tangible
tangle
tantalize
tantalizingly
tantamount
tarnish
taunt
tawdry
tease
technocrat
teem
temerity
tempestuous
tenderness
tenor
tenuous
tepid
terrain
terrorize
testimony
theatricality
theft
theoretically
therapist
therapy
thicken
throwback
thwart
timeliness
tolerable
topple
torment
totalitarianism
totality
traceable
tractable
trainee
tranquility
transaction
transcend
transcendental
transcription
transferable
transgression
transient
transitional
transitoriness
transmute
transplantation
trappings
treatise
triumphal
triviality
trivialize
trophy
trumpeter
trustworthy
tussle
typify
typographical
tyrant
umbrage
unacceptable
unadorned
unambiguous
unarticulated
unassailable
unavailing
unaware
unbalance
unbiased
uncanny
unchallenged
uncharted
unchecked
unclear
unconcealable
unconcerned
unconfirmed
unconscionable
uncontrollable
uncontrolled
uncontroversial
unconventional
unconvincing
uncorrelated
uncorrupted
uncritical
unctuous
undefended
underrate
underscore
understatement
understock
underutilized
undeserved
undeservedly
undeserving
undesirable
undiscovered
undivided
uneasiness
unemployment
unending
unenthusiastic
unequivocal
unexceptionable
unexceptional
unexciting
unexpectedly
unfailingly
unfairly
unfathomable
unfounded
unfriendly
ungainly
ungovernable
unidentified
unidimensional
unimaginative
unimportant
uninfected
uninitiated
unintelligible
uninterested
univocal
unjustifiable
unjustified
unleash
unlimited
unliterary
unmoved
unnoteworthy
unobservable
unoriginal
unorthodox
unpalatable
unprecedented
unpremeditated
unprepared
unpretentious
unproductive
unprofitable
unproven
unqualified
unregulated
unrelieved
unremitting
unrepresentative
unresolved
unresponsive
unrestrained
unruly
unscathed
unselfish
unsettle
unsophisticated
unspoken
unstudied
unsure
unsympathetic
untainted
untapped
untested
unthinkable
untimely
untraditional
untried
untrustworthy
untruth
unworldly
unworthy
unyielding
upgrade
urban
urbanity
urgency
usable
usefulness
vacillate
vagrant
vagueness
valedictory
valiant
validation
vandalism
variability
variance
vegetation
venerate
veracity
verbose
verdict
verification
verisimilitude
veritable
vernacular
verse
versed
vestige
vicariously
victimize
vigilant
vigor
villain
vindicate
violinist
virtuoso
visibly
vitality
vocation
vocational
volatile
voluntarily
voyeur
vulgarity
vulnerability
waggish
walrus
wanderlust
warning
watercolor
whale
whereby
wholeness
wilderness
wildness
windmill
withhold
witticism
woe
wrongdoer
wrongdoing
wrongheaded
yearlong
yearn
